#  k              avgk        avgP-pSN       s_avgP       SN
# 
3.141593e-03 4.009122e-03 1.322350e+02 2.004292e+01 2.302703e+01
6.283185e-03 7.008279e-03 2.152774e+02 9.222290e+00 2.302703e+01
9.424778e-03 9.846258e-03 2.508840e+02 6.690144e+00 2.302703e+01
1.256637e-02 1.275670e-02 2.698870e+02 9.416233e+00 2.302703e+01
1.570796e-02 1.601454e-02 3.008737e+02 7.221606e+00 2.302703e+01
1.884956e-02 1.923262e-02 2.720111e+02 9.691091e+00 2.302703e+01
2.199115e-02 2.221655e-02 2.797976e+02 3.512991e+00 2.302703e+01
2.513274e-02 2.521154e-02 2.521342e+02 5.944337e+00 2.302703e+01
2.827433e-02 2.845465e-02 2.373700e+02 3.040467e+00 2.302703e+01
3.141593e-02 3.170923e-02 2.201319e+02 2.883896e+00 2.302703e+01
3.455752e-02 3.474996e-02 2.038466e+02 3.062059e+00 2.302703e+01
3.769911e-02 3.779067e-02 1.904483e+02 1.674810e+00 2.302703e+01
4.084070e-02 4.098137e-02 1.741254e+02 1.353698e+00 2.302703e+01
4.398230e-02 4.415116e-02 1.613113e+02 1.891049e+00 2.302703e+01
4.712389e-02 4.717609e-02 1.512586e+02 1.616139e+00 2.302703e+01
5.026548e-02 5.028003e-02 1.431500e+02 1.068796e+00 2.302703e+01
5.340708e-02 5.350694e-02 1.392936e+02 1.059490e+00 2.302703e+01
5.654867e-02 5.671367e-02 1.341159e+02 8.474932e-01 2.302703e+01
5.969026e-02 5.980448e-02 1.281533e+02 8.618935e-01 2.302703e+01
6.283185e-02 6.289022e-02 1.237764e+02 1.214990e+00 2.302703e+01
6.597345e-02 6.607451e-02 1.211295e+02 1.015110e+00 2.302703e+01
6.911504e-02 6.922816e-02 1.147039e+02 7.414019e-01 2.302703e+01
7.225663e-02 7.232486e-02 1.079482e+02 6.566970e-01 2.302703e+01
7.539822e-02 7.542675e-02 1.037318e+02 5.075551e-01 2.302703e+01
7.853982e-02 7.858645e-02 9.740887e+01 4.142770e-01 2.302703e+01
8.168141e-02 8.177089e-02 9.155650e+01 4.989012e-01 2.302703e+01
8.482300e-02 8.491281e-02 8.602803e+01 7.385305e-01 2.302703e+01
8.796459e-02 8.805068e-02 8.190766e+01 3.641421e-01 2.302703e+01
9.110619e-02 9.119993e-02 7.574935e+01 4.227085e-01 2.302703e+01
9.424778e-02 9.432535e-02 7.139027e+01 4.393622e-01 2.302703e+01
9.738937e-02 9.745408e-02 6.730187e+01 2.553380e-01 2.302703e+01
1.005310e-01 1.005713e-01 6.475658e+01 3.421720e-01 2.302703e+01
1.036726e-01 1.036977e-01 6.194828e+01 2.729130e-01 2.302703e+01
1.068141e-01 1.068695e-01 5.945870e+01 2.908259e-01 2.302703e+01
1.099557e-01 1.100165e-01 5.807854e+01 2.649017e-01 2.302703e+01
1.130973e-01 1.131465e-01 5.619321e+01 2.132328e-01 2.302703e+01
1.162389e-01 1.162993e-01 5.499181e+01 2.764131e-01 2.302703e+01
1.193805e-01 1.194446e-01 5.279797e+01 1.900590e-01 2.302703e+01
1.225221e-01 1.225609e-01 5.194790e+01 3.095555e-01 2.302703e+01
1.256637e-01 1.256869e-01 5.027119e+01 1.728000e-01 2.302703e+01
1.288053e-01 1.288535e-01 4.874807e+01 2.068412e-01 2.302703e+01
1.319469e-01 1.320102e-01 4.738177e+01 1.481670e-01 2.302703e+01
1.350885e-01 1.351449e-01 4.540442e+01 1.885012e-01 2.302703e+01
1.382301e-01 1.382808e-01 4.386546e+01 1.882345e-01 2.302703e+01
1.413717e-01 1.414349e-01 4.232092e+01 1.710582e-01 2.302703e+01
1.445133e-01 1.445743e-01 4.061770e+01 2.284438e-01 2.302703e+01
1.476549e-01 1.476762e-01 3.880430e+01 1.636322e-01 2.302703e+01
1.507964e-01 1.508038e-01 3.731879e+01 9.766897e-02 2.302703e+01
1.539380e-01 1.539691e-01 3.577020e+01 2.257009e-01 2.302703e+01
1.570796e-01 1.571380e-01 3.482604e+01 1.825863e-01 2.302703e+01
1.602212e-01 1.602731e-01 3.350888e+01 1.268055e-01 2.302703e+01
1.633628e-01 1.634064e-01 3.260477e+01 1.165695e-01 2.302703e+01
1.665044e-01 1.665619e-01 3.157946e+01 1.675769e-01 2.302703e+01
1.696460e-01 1.697023e-01 3.082053e+01 8.570523e-02 2.302703e+01
1.727876e-01 1.728196e-01 3.018452e+01 5.873717e-02 2.302703e+01
1.759292e-01 1.759404e-01 2.959795e+01 1.628346e-01 2.302703e+01
1.790708e-01 1.791016e-01 2.874954e+01 1.096243e-01 2.302703e+01
1.822124e-01 1.822559e-01 2.821240e+01 1.151829e-01 2.302703e+01
1.853540e-01 1.853820e-01 2.746262e+01 9.478221e-02 2.302703e+01
1.884956e-01 1.885270e-01 2.678034e+01 1.232874e-01 2.302703e+01
1.916372e-01 1.916794e-01 2.624628e+01 9.030189e-02 2.302703e+01
1.947787e-01 1.948257e-01 2.556910e+01 1.008850e-01 2.302703e+01
1.979203e-01 1.979385e-01 2.480992e+01 6.308150e-02 2.302703e+01
2.010619e-01 2.010563e-01 2.435388e+01 1.562001e-01 2.302703e+01
2.042035e-01 2.042269e-01 2.359210e+01 6.592629e-02 2.302703e+01
2.073451e-01 2.073848e-01 2.307407e+01 8.642718e-02 2.302703e+01
2.104867e-01 2.105272e-01 2.235653e+01 1.150781e-01 2.302703e+01
2.136283e-01 2.136644e-01 2.184009e+01 5.807878e-02 2.302703e+01
2.167699e-01 2.168107e-01 2.127874e+01 9.559907e-02 2.302703e+01
2.199115e-01 2.199591e-01 2.075786e+01 4.729751e-02 2.302703e+01
2.230531e-01 2.230742e-01 2.037634e+01 9.981642e-02 2.302703e+01
2.261947e-01 2.262094e-01 1.993865e+01 5.227293e-02 2.302703e+01
2.293363e-01 2.293577e-01 1.937382e+01 6.213374e-02 2.302703e+01
2.324779e-01 2.325128e-01 1.908691e+01 4.269836e-02 2.302703e+01
2.356194e-01 2.356571e-01 1.854024e+01 6.604847e-02 2.302703e+01
2.387610e-01 2.387902e-01 1.818021e+01 5.555744e-02 2.302703e+01
2.419026e-01 2.419406e-01 1.785953e+01 7.285751e-02 2.302703e+01
2.450442e-01 2.450751e-01 1.744787e+01 5.158305e-02 2.302703e+01
2.481858e-01 2.481998e-01 1.718190e+01 7.441173e-02 2.302703e+01
2.513274e-01 2.513331e-01 1.687899e+01 5.404178e-02 2.302703e+01
2.544690e-01 2.544823e-01 1.640221e+01 5.955458e-02 2.302703e+01
2.576106e-01 2.576375e-01 1.607595e+01 7.155637e-02 2.302703e+01
2.607522e-01 2.607833e-01 1.580137e+01 5.245320e-02 2.302703e+01
2.638938e-01 2.639145e-01 1.542577e+01 4.394540e-02 2.302703e+01
2.670354e-01 2.670582e-01 1.520866e+01 4.302193e-02 2.302703e+01
2.701770e-01 2.702154e-01 1.481014e+01 5.265053e-02 2.302703e+01
2.733186e-01 2.733490e-01 1.455256e+01 4.816354e-02 2.302703e+01
2.764602e-01 2.764800e-01 1.437003e+01 4.366916e-02 2.302703e+01
2.796017e-01 2.796222e-01 1.400890e+01 4.521531e-02 2.302703e+01
2.827433e-01 2.827775e-01 1.381499e+01 4.681269e-02 2.302703e+01
2.858849e-01 2.859274e-01 1.346317e+01 4.380042e-02 2.302703e+01
2.890265e-01 2.890615e-01 1.329132e+01 5.201883e-02 2.302703e+01
2.921681e-01 2.922029e-01 1.291503e+01 3.560993e-02 2.302703e+01
2.953097e-01 2.953348e-01 1.278768e+01 5.212985e-02 2.302703e+01
2.984513e-01 2.984582e-01 1.263199e+01 4.934081e-02 2.302703e+01
3.015929e-01 3.015856e-01 1.224393e+01 2.568405e-02 2.302703e+01
3.047345e-01 3.047346e-01 1.200980e+01 2.115100e-02 2.302703e+01
3.078761e-01 3.079061e-01 1.190008e+01 2.233009e-02 2.302703e+01
3.110177e-01 3.110513e-01 1.177887e+01 5.282454e-02 2.302703e+01
3.141593e-01 3.141832e-01 1.146732e+01 4.321521e-02 2.302703e+01
3.173009e-01 3.173233e-01 1.122357e+01 4.409828e-02 2.302703e+01
3.204425e-01 3.204700e-01 1.113236e+01 5.999651e-02 2.302703e+01
3.235840e-01 3.236188e-01 1.089335e+01 3.876950e-02 2.302703e+01
3.267256e-01 3.267386e-01 1.069891e+01 6.069918e-02 2.302703e+01
3.298672e-01 3.298821e-01 1.058075e+01 3.901228e-02 2.302703e+01
3.330088e-01 3.330378e-01 1.040055e+01 3.320259e-02 2.302703e+01
3.361504e-01 3.361703e-01 1.023156e+01 1.904716e-02 2.302703e+01
3.392920e-01 3.393042e-01 1.007579e+01 4.916789e-02 2.302703e+01
3.424336e-01 3.424570e-01 9.850646e+00 2.624762e-02 2.302703e+01
3.455752e-01 3.456128e-01 9.720796e+00 4.646495e-02 2.302703e+01
3.487168e-01 3.487358e-01 9.603807e+00 3.560092e-02 2.302703e+01
3.518584e-01 3.518656e-01 9.382165e+00 4.332640e-02 2.302703e+01
3.550000e-01 3.550111e-01 9.269017e+00 3.480312e-02 2.302703e+01
3.581416e-01 3.581628e-01 9.159720e+00 4.782598e-02 2.302703e+01
3.612832e-01 3.613007e-01 9.044313e+00 3.610344e-02 2.302703e+01
3.644247e-01 3.644361e-01 8.843276e+00 3.139319e-02 2.302703e+01
3.675663e-01 3.675942e-01 8.665337e+00 2.736866e-02 2.302703e+01
3.707079e-01 3.707345e-01 8.588114e+00 4.110053e-02 2.302703e+01
3.738495e-01 3.738555e-01 8.484932e+00 4.128273e-02 2.302703e+01
3.769911e-01 3.769945e-01 8.341093e+00 3.542337e-02 2.302703e+01
3.801327e-01 3.801460e-01 8.190719e+00 2.087446e-02 2.302703e+01
3.832743e-01 3.832949e-01 8.073551e+00 3.607632e-02 2.302703e+01
3.864159e-01 3.864372e-01 7.927200e+00 2.491525e-02 2.302703e+01
3.895575e-01 3.895750e-01 7.798516e+00 3.712511e-02 2.302703e+01
3.926991e-01 3.927261e-01 7.706100e+00 2.837230e-02 2.302703e+01
3.958407e-01 3.958707e-01 7.606090e+00 3.453737e-02 2.302703e+01
3.989823e-01 3.989973e-01 7.561181e+00 2.190383e-02 2.302703e+01
4.021239e-01 4.021289e-01 7.409614e+00 1.737694e-02 2.302703e+01
4.052655e-01 4.052812e-01 7.278162e+00 2.279356e-02 2.302703e+01
4.084070e-01 4.084324e-01 7.133436e+00 2.457445e-02 2.302703e+01
4.115486e-01 4.115631e-01 7.077447e+00 1.808529e-02 2.302703e+01
4.146902e-01 4.147058e-01 6.988415e+00 2.260564e-02 2.302703e+01
4.178318e-01 4.178560e-01 6.900614e+00 3.060664e-02 2.302703e+01
4.209734e-01 4.209977e-01 6.774603e+00 2.753002e-02 2.302703e+01
4.241150e-01 4.241299e-01 6.662515e+00 2.742485e-02 2.302703e+01
4.272566e-01 4.272653e-01 6.594332e+00 2.660239e-02 2.302703e+01
4.303982e-01 4.304221e-01 6.511524e+00 3.009461e-02 2.302703e+01
4.335398e-01 4.335700e-01 6.394005e+00 3.138060e-02 2.302703e+01
4.366814e-01 4.366977e-01 6.311328e+00 2.884106e-02 2.302703e+01
4.398230e-01 4.398326e-01 6.237381e+00 2.731151e-02 2.302703e+01
4.429646e-01 4.429785e-01 6.167507e+00 4.169894e-02 2.302703e+01
4.461062e-01 4.461270e-01 6.105718e+00 2.876886e-02 2.302703e+01
4.492477e-01 4.492612e-01 6.002105e+00 2.689151e-02 2.302703e+01
4.523893e-01 4.523875e-01 5.927633e+00 1.731040e-02 2.302703e+01
4.555309e-01 4.555308e-01 5.881727e+00 3.507856e-02 2.302703e+01
4.586725e-01 4.586829e-01 5.755998e+00 2.842930e-02 2.302703e+01
4.618141e-01 4.618286e-01 5.662320e+00 1.823626e-02 2.302703e+01
4.649557e-01 4.649727e-01 5.592405e+00 1.748521e-02 2.302703e+01
4.680973e-01 4.681226e-01 5.555997e+00 1.801102e-02 2.302703e+01
4.712389e-01 4.712698e-01 5.432447e+00 2.139059e-02 2.302703e+01
4.743805e-01 4.744061e-01 5.414074e+00 2.483721e-02 2.302703e+01
4.775221e-01 4.775360e-01 5.311062e+00 2.149132e-02 2.302703e+01
4.806637e-01 4.806779e-01 5.202675e+00 2.952469e-02 2.302703e+01
4.838053e-01 4.838277e-01 5.157397e+00 2.007797e-02 2.302703e+01
4.869469e-01 4.869663e-01 5.091484e+00 2.116227e-02 2.302703e+01
4.900885e-01 4.900998e-01 5.040676e+00 2.220919e-02 2.302703e+01
4.932300e-01 4.932447e-01 4.986433e+00 2.013402e-02 2.302703e+01
4.963716e-01 4.963900e-01 4.921817e+00 1.764512e-02 2.302703e+01
4.995132e-01 4.995184e-01 4.869232e+00 1.656815e-02 2.302703e+01
5.026548e-01 5.026554e-01 4.821190e+00 1.648201e-02 2.302703e+01
5.057964e-01 5.058132e-01 4.764529e+00 2.207311e-02 2.302703e+01
5.089380e-01 5.089592e-01 4.678267e+00 2.029101e-02 2.302703e+01
5.120796e-01 5.120992e-01 4.649274e+00 2.400373e-02 2.302703e+01
5.152212e-01 5.152366e-01 4.581434e+00 1.520218e-02 2.302703e+01
5.183628e-01 5.183792e-01 4.512348e+00 1.876225e-02 2.302703e+01
5.215044e-01 5.215170e-01 4.474154e+00 1.894530e-02 2.302703e+01
5.246460e-01 5.246512e-01 4.393609e+00 2.076385e-02 2.302703e+01
5.277876e-01 5.277969e-01 4.337740e+00 1.641806e-02 2.302703e+01
5.309292e-01 5.309361e-01 4.284201e+00 2.627111e-02 2.302703e+01
5.340708e-01 5.340894e-01 4.278542e+00 1.436077e-02 2.302703e+01
5.372123e-01 5.372354e-01 4.187315e+00 1.609091e-02 2.302703e+01
5.403539e-01 5.403689e-01 4.138708e+00 2.435021e-02 2.302703e+01
5.434955e-01 5.435106e-01 4.097863e+00 1.357768e-02 2.302703e+01
5.466371e-01 5.466576e-01 4.066683e+00 2.345874e-02 2.302703e+01
5.497787e-01 5.497943e-01 4.016334e+00 1.938252e-02 2.302703e+01
5.529203e-01 5.529241e-01 3.953040e+00 1.747326e-02 2.302703e+01
5.560619e-01 5.560675e-01 3.905756e+00 1.609065e-02 2.302703e+01
5.592035e-01 5.592146e-01 3.862848e+00 1.103673e-02 2.302703e+01
5.623451e-01 5.623582e-01 3.809490e+00 2.080413e-02 2.302703e+01
5.654867e-01 5.654984e-01 3.754198e+00 1.530600e-02 2.302703e+01
5.686283e-01 5.686426e-01 3.723882e+00 1.510755e-02 2.302703e+01
5.717699e-01 5.717860e-01 3.718998e+00 2.253587e-02 2.302703e+01
5.749115e-01 5.749242e-01 3.659730e+00 1.107086e-02 2.302703e+01
5.780530e-01 5.780656e-01 3.622116e+00 1.754959e-02 2.302703e+01
5.811946e-01 5.812101e-01 3.540365e+00 2.163928e-02 2.302703e+01
5.843362e-01 5.843531e-01 3.513282e+00 9.750844e-03 2.302703e+01
5.874778e-01 5.874948e-01 3.466942e+00 1.322226e-02 2.302703e+01
5.906194e-01 5.906374e-01 3.431594e+00 2.231383e-02 2.302703e+01
5.937610e-01 5.937817e-01 3.413279e+00 1.165692e-02 2.302703e+01
5.969026e-01 5.969120e-01 3.370823e+00 1.545531e-02 2.302703e+01
6.000442e-01 6.000472e-01 3.337273e+00 1.651772e-02 2.302703e+01
6.031858e-01 6.031927e-01 3.286302e+00 1.470949e-02 2.302703e+01
6.063274e-01 6.063293e-01 3.237067e+00 2.715899e-02 2.302703e+01
6.094690e-01 6.094754e-01 3.228473e+00 1.768252e-02 2.302703e+01
6.126106e-01 6.126208e-01 3.183443e+00 2.670148e-02 2.302703e+01
6.157522e-01 6.157665e-01 3.131127e+00 2.456070e-02 2.302703e+01
6.188938e-01 6.189120e-01 3.103076e+00 1.135860e-02 2.302703e+01
6.220353e-01 6.220527e-01 3.087425e+00 2.069814e-02 2.302703e+01
6.251769e-01 6.251934e-01 3.013174e+00 1.547579e-02 2.302703e+01
6.283185e-01 6.283268e-01 2.973037e+00 1.589601e-02 2.302703e+01
6.314601e-01 6.314680e-01 2.969027e+00 1.572315e-02 2.302703e+01
6.346017e-01 6.346172e-01 2.921051e+00 1.724954e-02 2.302703e+01
6.377433e-01 6.377577e-01 2.880060e+00 1.983080e-02 2.302703e+01
6.408849e-01 6.408939e-01 2.849951e+00 2.090598e-02 2.302703e+01
6.440265e-01 6.440402e-01 2.848866e+00 1.066057e-02 2.302703e+01
6.471681e-01 6.471810e-01 2.805493e+00 2.083260e-02 2.302703e+01
6.503097e-01 6.503144e-01 2.787424e+00 1.606417e-02 2.302703e+01
6.534513e-01 6.534578e-01 2.732322e+00 1.062550e-02 2.302703e+01
6.565929e-01 6.566076e-01 2.708058e+00 1.608164e-02 2.302703e+01
6.597345e-01 6.597535e-01 2.669174e+00 7.401083e-03 2.302703e+01
6.628761e-01 6.628926e-01 2.693742e+00 1.675455e-02 2.302703e+01
6.660176e-01 6.660291e-01 2.646778e+00 1.145179e-02 2.302703e+01
6.691592e-01 6.691707e-01 2.615617e+00 1.209647e-02 2.302703e+01
6.723008e-01 6.723174e-01 2.560574e+00 2.104974e-02 2.302703e+01
6.754424e-01 6.754542e-01 2.552373e+00 1.182232e-02 2.302703e+01
6.785840e-01 6.785882e-01 2.524667e+00 1.572649e-02 2.302703e+01
6.817256e-01 6.817340e-01 2.481119e+00 2.021392e-02 2.302703e+01
6.848672e-01 6.848783e-01 2.466689e+00 1.073420e-02 2.302703e+01
6.880088e-01 6.880165e-01 2.423248e+00 1.141345e-02 2.302703e+01
6.911504e-01 6.911574e-01 2.423756e+00 1.075917e-02 2.302703e+01
6.942920e-01 6.943055e-01 2.395397e+00 1.259248e-02 2.302703e+01
6.974336e-01 6.974482e-01 2.351695e+00 1.567965e-02 2.302703e+01
7.005752e-01 7.005836e-01 2.337861e+00 1.147684e-02 2.302703e+01
7.037168e-01 7.037177e-01 2.306253e+00 1.089777e-02 2.302703e+01
7.068583e-01 7.068619e-01 2.282593e+00 9.884357e-03 2.302703e+01
7.099999e-01 7.100142e-01 2.285873e+00 1.324780e-02 2.302703e+01
7.131415e-01 7.131540e-01 2.232985e+00 1.127882e-02 2.302703e+01
7.162831e-01 7.162927e-01 2.207605e+00 1.314687e-02 2.302703e+01
7.194247e-01 7.194390e-01 2.208448e+00 1.424034e-02 2.302703e+01
7.225663e-01 7.225843e-01 2.178053e+00 1.060938e-02 2.302703e+01
7.257079e-01 7.257178e-01 2.154723e+00 1.577747e-02 2.302703e+01
7.288495e-01 7.288576e-01 2.124711e+00 1.191255e-02 2.302703e+01
7.319911e-01 7.320073e-01 2.111979e+00 8.596913e-03 2.302703e+01
7.351327e-01 7.351562e-01 2.059504e+00 8.508967e-03 2.302703e+01
7.382743e-01 7.382931e-01 2.065110e+00 1.635930e-02 2.302703e+01
7.414159e-01 7.414243e-01 2.027803e+00 1.127603e-02 2.302703e+01
7.445575e-01 7.445676e-01 2.010863e+00 1.199737e-02 2.302703e+01
7.476991e-01 7.477055e-01 2.000278e+00 8.487725e-03 2.302703e+01
7.508406e-01 7.508449e-01 1.993547e+00 1.055973e-02 2.302703e+01
7.539822e-01 7.539871e-01 1.948721e+00 1.197355e-02 2.302703e+01
7.571238e-01 7.571283e-01 1.942599e+00 1.968564e-02 2.302703e+01
7.602654e-01 7.602748e-01 1.901417e+00 1.676396e-02 2.302703e+01
7.634070e-01 7.634149e-01 1.898141e+00 1.233258e-02 2.302703e+01
7.665486e-01 7.665577e-01 1.873888e+00 1.457884e-02 2.302703e+01
7.696902e-01 7.697059e-01 1.861196e+00 1.512684e-02 2.302703e+01
7.728318e-01 7.728479e-01 1.830914e+00 1.407886e-02 2.302703e+01
7.759734e-01 7.759855e-01 1.826224e+00 1.309449e-02 2.302703e+01
7.791150e-01 7.791234e-01 1.793247e+00 1.292566e-02 2.302703e+01
7.822566e-01 7.822679e-01 1.773084e+00 1.260358e-02 2.302703e+01
7.853982e-01 7.854090e-01 1.758488e+00 1.066067e-02 2.302703e+01
7.885398e-01 7.885471e-01 1.758152e+00 7.121634e-03 2.302703e+01
7.916813e-01 7.916912e-01 1.698558e+00 1.294541e-02 2.302703e+01
7.948229e-01 7.948362e-01 1.688111e+00 1.526331e-02 2.302703e+01
7.979645e-01 7.979769e-01 1.696480e+00 1.813625e-02 2.302703e+01
8.011061e-01 8.011092e-01 1.703189e+00 1.196268e-02 2.302703e+01
8.042477e-01 8.042493e-01 1.641463e+00 1.142549e-02 2.302703e+01
