#  k              avgk        avgP-pSN       s_avgP       SN
# 
3.141593e-03 4.009122e-03 7.841424e+01 1.185144e+01 2.324421e+01
6.283185e-03 7.008279e-03 1.144557e+02 8.304592e+00 2.324421e+01
9.424778e-03 9.846258e-03 1.442372e+02 4.248958e+00 2.324421e+01
1.256637e-02 1.275670e-02 1.364297e+02 6.061019e+00 2.324421e+01
1.570796e-02 1.601454e-02 1.553937e+02 4.240354e+00 2.324421e+01
1.884956e-02 1.923262e-02 1.426231e+02 4.804213e+00 2.324421e+01
2.199115e-02 2.221655e-02 1.467227e+02 2.962056e+00 2.324421e+01
2.513274e-02 2.521154e-02 1.315962e+02 2.955503e+00 2.324421e+01
2.827433e-02 2.845465e-02 1.228590e+02 2.041198e+00 2.324421e+01
3.141593e-02 3.170923e-02 1.151645e+02 1.585988e+00 2.324421e+01
3.455752e-02 3.474996e-02 1.076309e+02 1.771437e+00 2.324421e+01
3.769911e-02 3.779067e-02 9.902809e+01 1.440864e+00 2.324421e+01
4.084070e-02 4.098137e-02 9.231480e+01 7.181940e-01 2.324421e+01
4.398230e-02 4.415116e-02 8.704480e+01 4.397189e-01 2.324421e+01
4.712389e-02 4.717609e-02 7.967050e+01 8.119131e-01 2.324421e+01
5.026548e-02 5.028003e-02 7.640302e+01 8.100067e-01 2.324421e+01
5.340708e-02 5.350694e-02 7.436632e+01 7.065269e-01 2.324421e+01
5.654867e-02 5.671367e-02 7.148800e+01 8.168414e-01 2.324421e+01
5.969026e-02 5.980448e-02 6.791066e+01 3.983153e-01 2.324421e+01
6.283185e-02 6.289022e-02 6.596054e+01 5.577719e-01 2.324421e+01
6.597345e-02 6.607451e-02 6.365916e+01 6.334146e-01 2.324421e+01
6.911504e-02 6.922816e-02 6.107518e+01 3.695298e-01 2.324421e+01
7.225663e-02 7.232486e-02 5.762615e+01 3.441791e-01 2.324421e+01
7.539822e-02 7.542675e-02 5.484488e+01 1.974666e-01 2.324421e+01
7.853982e-02 7.858645e-02 5.179052e+01 3.938934e-01 2.324421e+01
8.168141e-02 8.177089e-02 4.902018e+01 2.895564e-01 2.324421e+01
8.482300e-02 8.491281e-02 4.623292e+01 3.149801e-01 2.324421e+01
8.796459e-02 8.805068e-02 4.327049e+01 2.977382e-01 2.324421e+01
9.110619e-02 9.119993e-02 4.100692e+01 5.061372e-01 2.324421e+01
9.424778e-02 9.432535e-02 3.851905e+01 2.989619e-01 2.324421e+01
9.738937e-02 9.745408e-02 3.645294e+01 1.779008e-01 2.324421e+01
1.005310e-01 1.005713e-01 3.519105e+01 2.393402e-01 2.324421e+01
1.036726e-01 1.036977e-01 3.377395e+01 1.232905e-01 2.324421e+01
1.068141e-01 1.068695e-01 3.241239e+01 1.274611e-01 2.324421e+01
1.099557e-01 1.100165e-01 3.132856e+01 1.852174e-01 2.324421e+01
1.130973e-01 1.131465e-01 3.050707e+01 1.564412e-01 2.324421e+01
1.162389e-01 1.162993e-01 2.981891e+01 2.100886e-01 2.324421e+01
1.193805e-01 1.194446e-01 2.897843e+01 1.539357e-01 2.324421e+01
1.225221e-01 1.225609e-01 2.816487e+01 1.156345e-01 2.324421e+01
1.256637e-01 1.256869e-01 2.741771e+01 1.470332e-01 2.324421e+01
1.288053e-01 1.288535e-01 2.640773e+01 9.886432e-02 2.324421e+01
1.319469e-01 1.320102e-01 2.566030e+01 1.301606e-01 2.324421e+01
1.350885e-01 1.351449e-01 2.489981e+01 2.089401e-01 2.324421e+01
1.382301e-01 1.382808e-01 2.395089e+01 1.383922e-01 2.324421e+01
1.413717e-01 1.414349e-01 2.320205e+01 1.532461e-01 2.324421e+01
1.445133e-01 1.445743e-01 2.215052e+01 9.348759e-02 2.324421e+01
1.476549e-01 1.476762e-01 2.118095e+01 4.861621e-02 2.324421e+01
1.507964e-01 1.508038e-01 2.063901e+01 1.086633e-01 2.324421e+01
1.539380e-01 1.539691e-01 1.963587e+01 1.221339e-01 2.324421e+01
1.570796e-01 1.571380e-01 1.895131e+01 1.047272e-01 2.324421e+01
1.602212e-01 1.602731e-01 1.847663e+01 1.176219e-01 2.324421e+01
1.633628e-01 1.634064e-01 1.799572e+01 9.360274e-02 2.324421e+01
1.665044e-01 1.665619e-01 1.742012e+01 1.095772e-01 2.324421e+01
1.696460e-01 1.697023e-01 1.696134e+01 6.345207e-02 2.324421e+01
1.727876e-01 1.728196e-01 1.666329e+01 9.385106e-02 2.324421e+01
1.759292e-01 1.759404e-01 1.635954e+01 1.231650e-01 2.324421e+01
1.790708e-01 1.791016e-01 1.598620e+01 5.754742e-02 2.324421e+01
1.822124e-01 1.822559e-01 1.561933e+01 5.312934e-02 2.324421e+01
1.853540e-01 1.853820e-01 1.520093e+01 1.128275e-01 2.324421e+01
1.884956e-01 1.885270e-01 1.482900e+01 8.453111e-02 2.324421e+01
1.916372e-01 1.916794e-01 1.446057e+01 6.754967e-02 2.324421e+01
1.947787e-01 1.948257e-01 1.403542e+01 7.285973e-02 2.324421e+01
1.979203e-01 1.979385e-01 1.382469e+01 9.796151e-02 2.324421e+01
2.010619e-01 2.010563e-01 1.346578e+01 6.239577e-02 2.324421e+01
2.042035e-01 2.042269e-01 1.309964e+01 6.010834e-02 2.324421e+01
2.073451e-01 2.073848e-01 1.278770e+01 4.988337e-02 2.324421e+01
2.104867e-01 2.105272e-01 1.254892e+01 7.135231e-02 2.324421e+01
2.136283e-01 2.136644e-01 1.219109e+01 6.251306e-02 2.324421e+01
2.167699e-01 2.168107e-01 1.186449e+01 5.241203e-02 2.324421e+01
2.199115e-01 2.199591e-01 1.158242e+01 9.394699e-02 2.324421e+01
2.230531e-01 2.230742e-01 1.128923e+01 4.251390e-02 2.324421e+01
2.261947e-01 2.262094e-01 1.096978e+01 6.089683e-02 2.324421e+01
2.293363e-01 2.293577e-01 1.083892e+01 5.927233e-02 2.324421e+01
2.324779e-01 2.325128e-01 1.059613e+01 4.480985e-02 2.324421e+01
2.356194e-01 2.356571e-01 1.038325e+01 5.706736e-02 2.324421e+01
2.387610e-01 2.387902e-01 1.016362e+01 5.347860e-02 2.324421e+01
2.419026e-01 2.419406e-01 1.003945e+01 4.306325e-02 2.324421e+01
2.450442e-01 2.450751e-01 9.781466e+00 5.903658e-02 2.324421e+01
2.481858e-01 2.481998e-01 9.631961e+00 5.024865e-02 2.324421e+01
2.513274e-01 2.513331e-01 9.455772e+00 5.496945e-02 2.324421e+01
2.544690e-01 2.544823e-01 9.255499e+00 5.574063e-02 2.324421e+01
2.576106e-01 2.576375e-01 9.091777e+00 1.828734e-02 2.324421e+01
2.607522e-01 2.607833e-01 8.902485e+00 4.175222e-02 2.324421e+01
2.638938e-01 2.639145e-01 8.775550e+00 4.848892e-02 2.324421e+01
2.670354e-01 2.670582e-01 8.598357e+00 3.926853e-02 2.324421e+01
2.701770e-01 2.702154e-01 8.389311e+00 4.838960e-02 2.324421e+01
2.733186e-01 2.733490e-01 8.313510e+00 5.001628e-02 2.324421e+01
2.764602e-01 2.764800e-01 8.088535e+00 6.118799e-02 2.324421e+01
2.796017e-01 2.796222e-01 7.960083e+00 4.251734e-02 2.324421e+01
2.827433e-01 2.827775e-01 7.889906e+00 3.076577e-02 2.324421e+01
2.858849e-01 2.859274e-01 7.765718e+00 2.880448e-02 2.324421e+01
2.890265e-01 2.890615e-01 7.482895e+00 4.772211e-02 2.324421e+01
2.921681e-01 2.922029e-01 7.356088e+00 6.186220e-02 2.324421e+01
2.953097e-01 2.953348e-01 7.296436e+00 4.871936e-02 2.324421e+01
2.984513e-01 2.984582e-01 7.194793e+00 5.296671e-02 2.324421e+01
3.015929e-01 3.015856e-01 7.082220e+00 4.278576e-02 2.324421e+01
3.047345e-01 3.047346e-01 6.930887e+00 2.952485e-02 2.324421e+01
3.078761e-01 3.079061e-01 6.817985e+00 3.892851e-02 2.324421e+01
3.110177e-01 3.110513e-01 6.736449e+00 3.182112e-02 2.324421e+01
3.141593e-01 3.141832e-01 6.617898e+00 4.016213e-02 2.324421e+01
3.173009e-01 3.173233e-01 6.536306e+00 4.847219e-02 2.324421e+01
3.204425e-01 3.204700e-01 6.449338e+00 2.652005e-02 2.324421e+01
3.235840e-01 3.236188e-01 6.283273e+00 4.720691e-02 2.324421e+01
3.267256e-01 3.267386e-01 6.206420e+00 3.988840e-02 2.324421e+01
3.298672e-01 3.298821e-01 6.120324e+00 3.433914e-02 2.324421e+01
3.330088e-01 3.330378e-01 6.076171e+00 2.847933e-02 2.324421e+01
3.361504e-01 3.361703e-01 5.928050e+00 3.296189e-02 2.324421e+01
3.392920e-01 3.393042e-01 5.832351e+00 1.992249e-02 2.324421e+01
3.424336e-01 3.424570e-01 5.811176e+00 3.304490e-02 2.324421e+01
3.455752e-01 3.456128e-01 5.723934e+00 3.930256e-02 2.324421e+01
3.487168e-01 3.487358e-01 5.623067e+00 3.544653e-02 2.324421e+01
3.518584e-01 3.518656e-01 5.472943e+00 3.805512e-02 2.324421e+01
3.550000e-01 3.550111e-01 5.397472e+00 3.862271e-02 2.324421e+01
3.581416e-01 3.581628e-01 5.342319e+00 4.248911e-02 2.324421e+01
3.612832e-01 3.613007e-01 5.287474e+00 2.789515e-02 2.324421e+01
3.644247e-01 3.644361e-01 5.158264e+00 1.850917e-02 2.324421e+01
3.675663e-01 3.675942e-01 5.082612e+00 3.119512e-02 2.324421e+01
3.707079e-01 3.707345e-01 5.062938e+00 2.656955e-02 2.324421e+01
3.738495e-01 3.738555e-01 4.950948e+00 2.677023e-02 2.324421e+01
3.769911e-01 3.769945e-01 4.927287e+00 3.552071e-02 2.324421e+01
3.801327e-01 3.801460e-01 4.835392e+00 3.444191e-02 2.324421e+01
3.832743e-01 3.832949e-01 4.734173e+00 2.440743e-02 2.324421e+01
3.864159e-01 3.864372e-01 4.696724e+00 3.840616e-02 2.324421e+01
3.895575e-01 3.895750e-01 4.661432e+00 3.788317e-02 2.324421e+01
3.926991e-01 3.927261e-01 4.588118e+00 2.665807e-02 2.324421e+01
3.958407e-01 3.958707e-01 4.455579e+00 2.738040e-02 2.324421e+01
3.989823e-01 3.989973e-01 4.433712e+00 2.575407e-02 2.324421e+01
4.021239e-01 4.021289e-01 4.418582e+00 1.865694e-02 2.324421e+01
4.052655e-01 4.052812e-01 4.363250e+00 1.583987e-02 2.324421e+01
4.084070e-01 4.084324e-01 4.305924e+00 3.204785e-02 2.324421e+01
4.115486e-01 4.115631e-01 4.203121e+00 1.608147e-02 2.324421e+01
4.146902e-01 4.147058e-01 4.224541e+00 1.889563e-02 2.324421e+01
4.178318e-01 4.178560e-01 4.129920e+00 3.369207e-02 2.324421e+01
4.209734e-01 4.209977e-01 4.098031e+00 3.469588e-02 2.324421e+01
4.241150e-01 4.241299e-01 4.023746e+00 3.193399e-02 2.324421e+01
4.272566e-01 4.272653e-01 3.966030e+00 2.747972e-02 2.324421e+01
4.303982e-01 4.304221e-01 3.927800e+00 2.102336e-02 2.324421e+01
4.335398e-01 4.335700e-01 3.830001e+00 2.684824e-02 2.324421e+01
4.366814e-01 4.366977e-01 3.812648e+00 4.167984e-02 2.324421e+01
4.398230e-01 4.398326e-01 3.737451e+00 1.893790e-02 2.324421e+01
4.429646e-01 4.429785e-01 3.709031e+00 2.170225e-02 2.324421e+01
4.461062e-01 4.461270e-01 3.724439e+00 2.598991e-02 2.324421e+01
4.492477e-01 4.492612e-01 3.661243e+00 2.160686e-02 2.324421e+01
4.523893e-01 4.523875e-01 3.570195e+00 2.705709e-02 2.324421e+01
4.555309e-01 4.555308e-01 3.545575e+00 1.379164e-02 2.324421e+01
4.586725e-01 4.586829e-01 3.535390e+00 2.101065e-02 2.324421e+01
4.618141e-01 4.618286e-01 3.476001e+00 2.182320e-02 2.324421e+01
4.649557e-01 4.649727e-01 3.413649e+00 2.502011e-02 2.324421e+01
4.680973e-01 4.681226e-01 3.388402e+00 2.291613e-02 2.324421e+01
4.712389e-01 4.712698e-01 3.351091e+00 1.456800e-02 2.324421e+01
4.743805e-01 4.744061e-01 3.322774e+00 2.745528e-02 2.324421e+01
4.775221e-01 4.775360e-01 3.280586e+00 1.586814e-02 2.324421e+01
4.806637e-01 4.806779e-01 3.225827e+00 1.372997e-02 2.324421e+01
4.838053e-01 4.838277e-01 3.184409e+00 2.353223e-02 2.324421e+01
4.869469e-01 4.869663e-01 3.142470e+00 1.573671e-02 2.324421e+01
4.900885e-01 4.900998e-01 3.081616e+00 2.262905e-02 2.324421e+01
4.932300e-01 4.932447e-01 3.092114e+00 9.725266e-03 2.324421e+01
4.963716e-01 4.963900e-01 3.055371e+00 2.082180e-02 2.324421e+01
4.995132e-01 4.995184e-01 3.022333e+00 2.049514e-02 2.324421e+01
5.026548e-01 5.026554e-01 2.995949e+00 1.566880e-02 2.324421e+01
5.057964e-01 5.058132e-01 2.948694e+00 2.571379e-02 2.324421e+01
5.089380e-01 5.089592e-01 2.933629e+00 1.779042e-02 2.324421e+01
5.120796e-01 5.120992e-01 2.894789e+00 2.031820e-02 2.324421e+01
5.152212e-01 5.152366e-01 2.856387e+00 1.864556e-02 2.324421e+01
5.183628e-01 5.183792e-01 2.839087e+00 2.091469e-02 2.324421e+01
5.215044e-01 5.215170e-01 2.797547e+00 2.287803e-02 2.324421e+01
5.246460e-01 5.246512e-01 2.765701e+00 2.436594e-02 2.324421e+01
5.277876e-01 5.277969e-01 2.715900e+00 2.197981e-02 2.324421e+01
5.309292e-01 5.309361e-01 2.755077e+00 2.094451e-02 2.324421e+01
5.340708e-01 5.340894e-01 2.660240e+00 2.891162e-02 2.324421e+01
5.372123e-01 5.372354e-01 2.659815e+00 1.469679e-02 2.324421e+01
5.403539e-01 5.403689e-01 2.622801e+00 2.352305e-02 2.324421e+01
5.434955e-01 5.435106e-01 2.628695e+00 1.540841e-02 2.324421e+01
5.466371e-01 5.466576e-01 2.597594e+00 1.580074e-02 2.324421e+01
5.497787e-01 5.497943e-01 2.576973e+00 1.483508e-02 2.324421e+01
5.529203e-01 5.529241e-01 2.520380e+00 2.129471e-02 2.324421e+01
5.560619e-01 5.560675e-01 2.484396e+00 1.701716e-02 2.324421e+01
5.592035e-01 5.592146e-01 2.475261e+00 1.473145e-02 2.324421e+01
5.623451e-01 5.623582e-01 2.437607e+00 1.641078e-02 2.324421e+01
5.654867e-01 5.654984e-01 2.414080e+00 1.567764e-02 2.324421e+01
5.686283e-01 5.686426e-01 2.417214e+00 1.709790e-02 2.324421e+01
5.717699e-01 5.717860e-01 2.327232e+00 1.710870e-02 2.324421e+01
5.749115e-01 5.749242e-01 2.338322e+00 2.552352e-02 2.324421e+01
5.780530e-01 5.780656e-01 2.298324e+00 2.619197e-02 2.324421e+01
5.811946e-01 5.812101e-01 2.317882e+00 1.317609e-02 2.324421e+01
5.843362e-01 5.843531e-01 2.297327e+00 2.240761e-02 2.324421e+01
5.874778e-01 5.874948e-01 2.234589e+00 1.432263e-02 2.324421e+01
5.906194e-01 5.906374e-01 2.213032e+00 2.184237e-02 2.324421e+01
5.937610e-01 5.937817e-01 2.226246e+00 2.270029e-02 2.324421e+01
5.969026e-01 5.969120e-01 2.204428e+00 2.522894e-02 2.324421e+01
6.000442e-01 6.000472e-01 2.155461e+00 1.409591e-02 2.324421e+01
6.031858e-01 6.031927e-01 2.120790e+00 2.266763e-02 2.324421e+01
6.063274e-01 6.063293e-01 2.126218e+00 9.178551e-03 2.324421e+01
6.094690e-01 6.094754e-01 2.125617e+00 1.648594e-02 2.324421e+01
6.126106e-01 6.126208e-01 2.100907e+00 1.089889e-02 2.324421e+01
6.157522e-01 6.157665e-01 2.050990e+00 8.257664e-03 2.324421e+01
6.188938e-01 6.189120e-01 2.032340e+00 1.689329e-02 2.324421e+01
6.220353e-01 6.220527e-01 2.005924e+00 1.431650e-02 2.324421e+01
6.251769e-01 6.251934e-01 1.992753e+00 1.121378e-02 2.324421e+01
6.283185e-01 6.283268e-01 1.978144e+00 1.828111e-02 2.324421e+01
6.314601e-01 6.314680e-01 1.953396e+00 1.192266e-02 2.324421e+01
6.346017e-01 6.346172e-01 1.957738e+00 5.661576e-03 2.324421e+01
6.377433e-01 6.377577e-01 1.927718e+00 1.801866e-02 2.324421e+01
6.408849e-01 6.408939e-01 1.929056e+00 1.702442e-02 2.324421e+01
6.440265e-01 6.440402e-01 1.874151e+00 1.537054e-02 2.324421e+01
6.471681e-01 6.471810e-01 1.870595e+00 1.326725e-02 2.324421e+01
6.503097e-01 6.503144e-01 1.845423e+00 1.066629e-02 2.324421e+01
6.534513e-01 6.534578e-01 1.858618e+00 1.336027e-02 2.324421e+01
6.565929e-01 6.566076e-01 1.808314e+00 1.288885e-02 2.324421e+01
6.597345e-01 6.597535e-01 1.795312e+00 1.393720e-02 2.324421e+01
6.628761e-01 6.628926e-01 1.792689e+00 1.845077e-02 2.324421e+01
6.660176e-01 6.660291e-01 1.765365e+00 1.987564e-02 2.324421e+01
6.691592e-01 6.691707e-01 1.737998e+00 1.199428e-02 2.324421e+01
6.723008e-01 6.723174e-01 1.748555e+00 1.312275e-02 2.324421e+01
6.754424e-01 6.754542e-01 1.735759e+00 1.338660e-02 2.324421e+01
6.785840e-01 6.785882e-01 1.705080e+00 1.226568e-02 2.324421e+01
6.817256e-01 6.817340e-01 1.676263e+00 1.273597e-02 2.324421e+01
6.848672e-01 6.848783e-01 1.687065e+00 2.027671e-02 2.324421e+01
6.880088e-01 6.880165e-01 1.635753e+00 1.069010e-02 2.324421e+01
6.911504e-01 6.911574e-01 1.639310e+00 1.401035e-02 2.324421e+01
6.942920e-01 6.943055e-01 1.613206e+00 1.007201e-02 2.324421e+01
6.974336e-01 6.974482e-01 1.612241e+00 1.228536e-02 2.324421e+01
7.005752e-01 7.005836e-01 1.596280e+00 1.025607e-02 2.324421e+01
7.037168e-01 7.037177e-01 1.561096e+00 1.329567e-02 2.324421e+01
7.068583e-01 7.068619e-01 1.547468e+00 1.506782e-02 2.324421e+01
7.099999e-01 7.100142e-01 1.554540e+00 1.449902e-02 2.324421e+01
7.131415e-01 7.131540e-01 1.544551e+00 8.541153e-03 2.324421e+01
7.162831e-01 7.162927e-01 1.526171e+00 8.969346e-03 2.324421e+01
7.194247e-01 7.194390e-01 1.542039e+00 1.140354e-02 2.324421e+01
7.225663e-01 7.225843e-01 1.492755e+00 9.356795e-03 2.324421e+01
7.257079e-01 7.257178e-01 1.461499e+00 1.422124e-02 2.324421e+01
7.288495e-01 7.288576e-01 1.452446e+00 9.976080e-03 2.324421e+01
7.319911e-01 7.320073e-01 1.467434e+00 1.061538e-02 2.324421e+01
7.351327e-01 7.351562e-01 1.463021e+00 1.047114e-02 2.324421e+01
7.382743e-01 7.382931e-01 1.433040e+00 2.075613e-02 2.324421e+01
7.414159e-01 7.414243e-01 1.412427e+00 7.149911e-03 2.324421e+01
7.445575e-01 7.445676e-01 1.431954e+00 1.267279e-02 2.324421e+01
7.476991e-01 7.477055e-01 1.396075e+00 1.390540e-02 2.324421e+01
7.508406e-01 7.508449e-01 1.377786e+00 1.430652e-02 2.324421e+01
7.539822e-01 7.539871e-01 1.362380e+00 1.128810e-02 2.324421e+01
7.571238e-01 7.571283e-01 1.368277e+00 1.398278e-02 2.324421e+01
7.602654e-01 7.602748e-01 1.339317e+00 6.041382e-03 2.324421e+01
7.634070e-01 7.634149e-01 1.338665e+00 6.479652e-03 2.324421e+01
7.665486e-01 7.665577e-01 1.301809e+00 1.347088e-02 2.324421e+01
7.696902e-01 7.697059e-01 1.322937e+00 1.373052e-02 2.324421e+01
7.728318e-01 7.728479e-01 1.294074e+00 1.146210e-02 2.324421e+01
7.759734e-01 7.759855e-01 1.310456e+00 9.518308e-03 2.324421e+01
7.791150e-01 7.791234e-01 1.273964e+00 1.396768e-02 2.324421e+01
7.822566e-01 7.822679e-01 1.266459e+00 1.105940e-02 2.324421e+01
7.853982e-01 7.854090e-01 1.252097e+00 1.182451e-02 2.324421e+01
7.885398e-01 7.885471e-01 1.242014e+00 1.107468e-02 2.324421e+01
7.916813e-01 7.916912e-01 1.224397e+00 9.002744e-03 2.324421e+01
7.948229e-01 7.948362e-01 1.208423e+00 5.079872e-03 2.324421e+01
7.979645e-01 7.979769e-01 1.228316e+00 1.323240e-02 2.324421e+01
8.011061e-01 8.011092e-01 1.200207e+00 1.627606e-02 2.324421e+01
8.042477e-01 8.042493e-01 1.172155e+00 1.470595e-02 2.324421e+01
