#  k              avgk        avgP-pSN       s_avgP       SN
# 
3.141593e-03 4.009122e-03 5.357345e+01 4.977431e+00 2.265891e+01
6.283185e-03 7.008279e-03 9.111492e+01 5.110243e+00 2.265891e+01
9.424778e-03 9.846258e-03 1.043884e+02 2.635152e+00 2.265891e+01
1.256637e-02 1.275670e-02 1.095729e+02 4.844571e+00 2.265891e+01
1.570796e-02 1.601454e-02 1.253921e+02 3.225770e+00 2.265891e+01
1.884956e-02 1.923262e-02 1.153629e+02 3.802012e+00 2.265891e+01
2.199115e-02 2.221655e-02 1.164834e+02 2.015674e+00 2.265891e+01
2.513274e-02 2.521154e-02 1.045631e+02 2.072133e+00 2.265891e+01
2.827433e-02 2.845465e-02 9.847110e+01 1.455517e+00 2.265891e+01
3.141593e-02 3.170923e-02 9.296154e+01 1.221063e+00 2.265891e+01
3.455752e-02 3.474996e-02 8.637670e+01 1.505331e+00 2.265891e+01
3.769911e-02 3.779067e-02 8.055195e+01 9.317791e-01 2.265891e+01
4.084070e-02 4.098137e-02 7.228948e+01 6.700247e-01 2.265891e+01
4.398230e-02 4.415116e-02 6.855935e+01 7.932244e-01 2.265891e+01
4.712389e-02 4.717609e-02 6.509918e+01 5.364443e-01 2.265891e+01
5.026548e-02 5.028003e-02 6.077903e+01 7.416437e-01 2.265891e+01
5.340708e-02 5.350694e-02 5.814710e+01 7.817853e-01 2.265891e+01
5.654867e-02 5.671367e-02 5.710750e+01 5.784804e-01 2.265891e+01
5.969026e-02 5.980448e-02 5.473798e+01 6.303967e-01 2.265891e+01
6.283185e-02 6.289022e-02 5.211846e+01 6.423478e-01 2.265891e+01
6.597345e-02 6.607451e-02 5.174997e+01 3.226522e-01 2.265891e+01
6.911504e-02 6.922816e-02 4.849118e+01 4.113907e-01 2.265891e+01
7.225663e-02 7.232486e-02 4.630584e+01 5.744802e-01 2.265891e+01
7.539822e-02 7.542675e-02 4.462672e+01 2.950976e-01 2.265891e+01
7.853982e-02 7.858645e-02 4.160414e+01 3.224370e-01 2.265891e+01
8.168141e-02 8.177089e-02 3.916773e+01 2.997850e-01 2.265891e+01
8.482300e-02 8.491281e-02 3.698502e+01 3.258147e-01 2.265891e+01
8.796459e-02 8.805068e-02 3.477648e+01 3.738041e-01 2.265891e+01
9.110619e-02 9.119993e-02 3.307036e+01 1.655892e-01 2.265891e+01
9.424778e-02 9.432535e-02 3.104011e+01 2.034727e-01 2.265891e+01
9.738937e-02 9.745408e-02 2.962387e+01 9.324627e-02 2.265891e+01
1.005310e-01 1.005713e-01 2.810861e+01 1.869898e-01 2.265891e+01
1.036726e-01 1.036977e-01 2.691375e+01 2.057842e-01 2.265891e+01
1.068141e-01 1.068695e-01 2.625919e+01 1.823074e-01 2.265891e+01
1.099557e-01 1.100165e-01 2.514618e+01 1.650420e-01 2.265891e+01
1.130973e-01 1.131465e-01 2.430918e+01 1.444749e-01 2.265891e+01
1.162389e-01 1.162993e-01 2.410436e+01 1.469454e-01 2.265891e+01
1.193805e-01 1.194446e-01 2.312631e+01 7.334354e-02 2.265891e+01
1.225221e-01 1.225609e-01 2.282647e+01 1.477443e-01 2.265891e+01
1.256637e-01 1.256869e-01 2.176036e+01 1.159376e-01 2.265891e+01
1.288053e-01 1.288535e-01 2.100893e+01 1.080553e-01 2.265891e+01
1.319469e-01 1.320102e-01 2.058869e+01 1.841698e-01 2.265891e+01
1.350885e-01 1.351449e-01 2.000782e+01 1.295090e-01 2.265891e+01
1.382301e-01 1.382808e-01 1.915685e+01 8.880372e-02 2.265891e+01
1.413717e-01 1.414349e-01 1.840890e+01 1.020617e-01 2.265891e+01
1.445133e-01 1.445743e-01 1.766021e+01 9.284399e-02 2.265891e+01
1.476549e-01 1.476762e-01 1.681279e+01 1.086544e-01 2.265891e+01
1.507964e-01 1.508038e-01 1.626731e+01 1.108150e-01 2.265891e+01
1.539380e-01 1.539691e-01 1.551648e+01 5.953971e-02 2.265891e+01
1.570796e-01 1.571380e-01 1.502304e+01 9.238076e-02 2.265891e+01
1.602212e-01 1.602731e-01 1.484545e+01 1.072148e-01 2.265891e+01
1.633628e-01 1.634064e-01 1.435978e+01 1.112470e-01 2.265891e+01
1.665044e-01 1.665619e-01 1.389466e+01 9.567493e-02 2.265891e+01
1.696460e-01 1.697023e-01 1.367837e+01 8.866439e-02 2.265891e+01
1.727876e-01 1.728196e-01 1.327261e+01 1.054499e-01 2.265891e+01
1.759292e-01 1.759404e-01 1.293564e+01 5.691438e-02 2.265891e+01
1.790708e-01 1.791016e-01 1.275838e+01 7.186200e-02 2.265891e+01
1.822124e-01 1.822559e-01 1.232412e+01 5.928970e-02 2.265891e+01
1.853540e-01 1.853820e-01 1.205909e+01 3.662543e-02 2.265891e+01
1.884956e-01 1.885270e-01 1.189121e+01 7.846999e-02 2.265891e+01
1.916372e-01 1.916794e-01 1.160871e+01 7.487724e-02 2.265891e+01
1.947787e-01 1.948257e-01 1.127414e+01 5.850722e-02 2.265891e+01
1.979203e-01 1.979385e-01 1.098468e+01 7.945252e-02 2.265891e+01
2.010619e-01 2.010563e-01 1.072371e+01 7.346989e-02 2.265891e+01
2.042035e-01 2.042269e-01 1.046398e+01 4.172567e-02 2.265891e+01
2.073451e-01 2.073848e-01 1.015816e+01 8.279882e-02 2.265891e+01
2.104867e-01 2.105272e-01 9.832998e+00 7.172206e-02 2.265891e+01
2.136283e-01 2.136644e-01 9.626116e+00 4.673879e-02 2.265891e+01
2.167699e-01 2.168107e-01 9.361904e+00 5.935150e-02 2.265891e+01
2.199115e-01 2.199591e-01 9.256732e+00 4.681211e-02 2.265891e+01
2.230531e-01 2.230742e-01 9.060225e+00 4.256387e-02 2.265891e+01
2.261947e-01 2.262094e-01 8.795777e+00 7.143525e-02 2.265891e+01
2.293363e-01 2.293577e-01 8.654783e+00 6.775613e-02 2.265891e+01
2.324779e-01 2.325128e-01 8.498225e+00 4.976389e-02 2.265891e+01
2.356194e-01 2.356571e-01 8.231205e+00 3.963630e-02 2.265891e+01
2.387610e-01 2.387902e-01 8.188661e+00 4.260144e-02 2.265891e+01
2.419026e-01 2.419406e-01 7.973417e+00 7.716955e-02 2.265891e+01
2.450442e-01 2.450751e-01 7.800016e+00 1.562390e-02 2.265891e+01
2.481858e-01 2.481998e-01 7.661012e+00 4.236555e-02 2.265891e+01
2.513274e-01 2.513331e-01 7.534807e+00 4.090980e-02 2.265891e+01
2.544690e-01 2.544823e-01 7.298954e+00 4.143631e-02 2.265891e+01
2.576106e-01 2.576375e-01 7.184506e+00 1.484754e-02 2.265891e+01
2.607522e-01 2.607833e-01 7.161290e+00 4.275426e-02 2.265891e+01
2.638938e-01 2.639145e-01 6.953900e+00 3.844101e-02 2.265891e+01
2.670354e-01 2.670582e-01 6.814691e+00 5.022652e-02 2.265891e+01
2.701770e-01 2.702154e-01 6.734391e+00 4.279904e-02 2.265891e+01
2.733186e-01 2.733490e-01 6.633958e+00 3.387638e-02 2.265891e+01
2.764602e-01 2.764800e-01 6.398945e+00 4.177900e-02 2.265891e+01
2.796017e-01 2.796222e-01 6.346163e+00 3.411804e-02 2.265891e+01
2.827433e-01 2.827775e-01 6.201663e+00 2.895995e-02 2.265891e+01
2.858849e-01 2.859274e-01 6.129733e+00 4.836700e-02 2.265891e+01
2.890265e-01 2.890615e-01 6.048791e+00 3.843069e-02 2.265891e+01
2.921681e-01 2.922029e-01 5.946300e+00 5.048537e-02 2.265891e+01
2.953097e-01 2.953348e-01 5.812092e+00 3.830353e-02 2.265891e+01
2.984513e-01 2.984582e-01 5.729786e+00 4.301556e-02 2.265891e+01
3.015929e-01 3.015856e-01 5.616236e+00 4.473591e-02 2.265891e+01
3.047345e-01 3.047346e-01 5.521933e+00 4.802968e-02 2.265891e+01
3.078761e-01 3.079061e-01 5.422214e+00 3.255003e-02 2.265891e+01
3.110177e-01 3.110513e-01 5.411832e+00 3.115322e-02 2.265891e+01
3.141593e-01 3.141832e-01 5.302693e+00 4.281799e-02 2.265891e+01
3.173009e-01 3.173233e-01 5.175067e+00 4.043420e-02 2.265891e+01
3.204425e-01 3.204700e-01 5.145177e+00 3.717267e-02 2.265891e+01
3.235840e-01 3.236188e-01 4.999980e+00 2.733299e-02 2.265891e+01
3.267256e-01 3.267386e-01 4.949828e+00 3.818982e-02 2.265891e+01
3.298672e-01 3.298821e-01 4.786231e+00 4.149815e-02 2.265891e+01
3.330088e-01 3.330378e-01 4.780381e+00 3.412869e-02 2.265891e+01
3.361504e-01 3.361703e-01 4.729107e+00 2.936808e-02 2.265891e+01
3.392920e-01 3.393042e-01 4.650107e+00 3.197838e-02 2.265891e+01
3.424336e-01 3.424570e-01 4.609107e+00 2.579199e-02 2.265891e+01
3.455752e-01 3.456128e-01 4.485500e+00 4.737802e-02 2.265891e+01
3.487168e-01 3.487358e-01 4.453172e+00 3.054648e-02 2.265891e+01
3.518584e-01 3.518656e-01 4.380788e+00 3.394507e-02 2.265891e+01
3.550000e-01 3.550111e-01 4.296298e+00 4.140843e-02 2.265891e+01
3.581416e-01 3.581628e-01 4.236065e+00 1.911981e-02 2.265891e+01
3.612832e-01 3.613007e-01 4.251518e+00 3.211878e-02 2.265891e+01
3.644247e-01 3.644361e-01 4.137411e+00 1.048475e-02 2.265891e+01
3.675663e-01 3.675942e-01 4.102375e+00 3.252497e-02 2.265891e+01
3.707079e-01 3.707345e-01 4.019165e+00 2.986865e-02 2.265891e+01
3.738495e-01 3.738555e-01 3.941482e+00 2.030129e-02 2.265891e+01
3.769911e-01 3.769945e-01 3.892471e+00 1.902722e-02 2.265891e+01
3.801327e-01 3.801460e-01 3.848151e+00 2.561849e-02 2.265891e+01
3.832743e-01 3.832949e-01 3.795439e+00 3.299139e-02 2.265891e+01
3.864159e-01 3.864372e-01 3.721508e+00 3.043611e-02 2.265891e+01
3.895575e-01 3.895750e-01 3.727846e+00 2.549351e-02 2.265891e+01
3.926991e-01 3.927261e-01 3.620499e+00 3.201784e-02 2.265891e+01
3.958407e-01 3.958707e-01 3.575934e+00 2.896804e-02 2.265891e+01
3.989823e-01 3.989973e-01 3.580803e+00 3.696066e-02 2.265891e+01
4.021239e-01 4.021289e-01 3.471734e+00 2.624510e-02 2.265891e+01
4.052655e-01 4.052812e-01 3.464015e+00 1.447198e-02 2.265891e+01
4.084070e-01 4.084324e-01 3.429289e+00 3.179630e-02 2.265891e+01
4.115486e-01 4.115631e-01 3.348337e+00 2.178977e-02 2.265891e+01
4.146902e-01 4.147058e-01 3.354603e+00 2.661620e-02 2.265891e+01
4.178318e-01 4.178560e-01 3.331640e+00 2.048843e-02 2.265891e+01
4.209734e-01 4.209977e-01 3.245678e+00 2.407966e-02 2.265891e+01
4.241150e-01 4.241299e-01 3.221113e+00 2.161794e-02 2.265891e+01
4.272566e-01 4.272653e-01 3.198295e+00 3.393592e-02 2.265891e+01
4.303982e-01 4.304221e-01 3.124977e+00 2.654547e-02 2.265891e+01
4.335398e-01 4.335700e-01 3.086131e+00 2.358514e-02 2.265891e+01
4.366814e-01 4.366977e-01 3.085752e+00 2.485758e-02 2.265891e+01
4.398230e-01 4.398326e-01 3.017694e+00 2.165555e-02 2.265891e+01
4.429646e-01 4.429785e-01 3.006824e+00 1.258709e-02 2.265891e+01
4.461062e-01 4.461270e-01 2.915299e+00 1.430140e-02 2.265891e+01
4.492477e-01 4.492612e-01 2.915102e+00 2.885940e-02 2.265891e+01
4.523893e-01 4.523875e-01 2.839295e+00 2.030056e-02 2.265891e+01
4.555309e-01 4.555308e-01 2.850981e+00 2.053595e-02 2.265891e+01
4.586725e-01 4.586829e-01 2.807122e+00 2.011793e-02 2.265891e+01
4.618141e-01 4.618286e-01 2.767745e+00 2.326884e-02 2.265891e+01
4.649557e-01 4.649727e-01 2.740619e+00 2.265118e-02 2.265891e+01
4.680973e-01 4.681226e-01 2.683090e+00 2.044436e-02 2.265891e+01
4.712389e-01 4.712698e-01 2.674306e+00 1.968518e-02 2.265891e+01
4.743805e-01 4.744061e-01 2.665299e+00 1.702050e-02 2.265891e+01
4.775221e-01 4.775360e-01 2.628155e+00 1.811666e-02 2.265891e+01
4.806637e-01 4.806779e-01 2.584212e+00 2.664105e-02 2.265891e+01
4.838053e-01 4.838277e-01 2.555502e+00 1.339708e-02 2.265891e+01
4.869469e-01 4.869663e-01 2.506222e+00 2.444080e-02 2.265891e+01
4.900885e-01 4.900998e-01 2.504837e+00 2.345607e-02 2.265891e+01
4.932300e-01 4.932447e-01 2.444105e+00 1.992064e-02 2.265891e+01
4.963716e-01 4.963900e-01 2.461972e+00 2.560124e-02 2.265891e+01
4.995132e-01 4.995184e-01 2.412810e+00 1.527723e-02 2.265891e+01
5.026548e-01 5.026554e-01 2.423965e+00 1.871812e-02 2.265891e+01
5.057964e-01 5.058132e-01 2.372261e+00 1.928239e-02 2.265891e+01
5.089380e-01 5.089592e-01 2.328418e+00 1.810431e-02 2.265891e+01
5.120796e-01 5.120992e-01 2.303102e+00 2.845327e-02 2.265891e+01
5.152212e-01 5.152366e-01 2.276044e+00 1.901810e-02 2.265891e+01
5.183628e-01 5.183792e-01 2.259590e+00 1.692337e-02 2.265891e+01
5.215044e-01 5.215170e-01 2.213936e+00 2.255331e-02 2.265891e+01
5.246460e-01 5.246512e-01 2.250092e+00 1.441556e-02 2.265891e+01
5.277876e-01 5.277969e-01 2.211340e+00 1.310378e-02 2.265891e+01
5.309292e-01 5.309361e-01 2.147191e+00 1.865899e-02 2.265891e+01
5.340708e-01 5.340894e-01 2.134160e+00 1.668165e-02 2.265891e+01
5.372123e-01 5.372354e-01 2.159019e+00 2.061036e-02 2.265891e+01
5.403539e-01 5.403689e-01 2.111074e+00 1.680448e-02 2.265891e+01
5.434955e-01 5.435106e-01 2.100993e+00 2.212646e-02 2.265891e+01
5.466371e-01 5.466576e-01 2.067717e+00 1.905656e-02 2.265891e+01
5.497787e-01 5.497943e-01 2.060341e+00 1.925182e-02 2.265891e+01
5.529203e-01 5.529241e-01 2.027408e+00 1.613301e-02 2.265891e+01
5.560619e-01 5.560675e-01 1.993885e+00 1.361554e-02 2.265891e+01
5.592035e-01 5.592146e-01 1.953256e+00 1.553857e-02 2.265891e+01
5.623451e-01 5.623582e-01 1.976819e+00 2.587779e-02 2.265891e+01
5.654867e-01 5.654984e-01 1.945467e+00 1.851239e-02 2.265891e+01
5.686283e-01 5.686426e-01 1.933240e+00 9.130894e-03 2.265891e+01
5.717699e-01 5.717860e-01 1.917174e+00 1.706085e-02 2.265891e+01
5.749115e-01 5.749242e-01 1.892863e+00 1.779454e-02 2.265891e+01
5.780530e-01 5.780656e-01 1.849755e+00 1.727359e-02 2.265891e+01
5.811946e-01 5.812101e-01 1.850556e+00 1.369971e-02 2.265891e+01
5.843362e-01 5.843531e-01 1.822080e+00 1.724749e-02 2.265891e+01
5.874778e-01 5.874948e-01 1.800089e+00 1.404133e-02 2.265891e+01
5.906194e-01 5.906374e-01 1.778195e+00 1.743765e-02 2.265891e+01
5.937610e-01 5.937817e-01 1.788383e+00 1.298525e-02 2.265891e+01
5.969026e-01 5.969120e-01 1.764472e+00 1.333775e-02 2.265891e+01
6.000442e-01 6.000472e-01 1.756047e+00 1.932362e-02 2.265891e+01
6.031858e-01 6.031927e-01 1.749746e+00 1.493821e-02 2.265891e+01
6.063274e-01 6.063293e-01 1.725228e+00 1.723106e-02 2.265891e+01
6.094690e-01 6.094754e-01 1.689399e+00 1.408378e-02 2.265891e+01
6.126106e-01 6.126208e-01 1.690336e+00 9.953276e-03 2.265891e+01
6.157522e-01 6.157665e-01 1.661401e+00 1.627599e-02 2.265891e+01
6.188938e-01 6.189120e-01 1.649756e+00 1.884528e-02 2.265891e+01
6.220353e-01 6.220527e-01 1.627754e+00 1.369588e-02 2.265891e+01
6.251769e-01 6.251934e-01 1.623442e+00 1.361505e-02 2.265891e+01
6.283185e-01 6.283268e-01 1.607180e+00 1.752077e-02 2.265891e+01
6.314601e-01 6.314680e-01 1.580426e+00 1.448134e-02 2.265891e+01
6.346017e-01 6.346172e-01 1.581456e+00 2.010738e-02 2.265891e+01
6.377433e-01 6.377577e-01 1.532425e+00 1.027967e-02 2.265891e+01
6.408849e-01 6.408939e-01 1.550152e+00 2.011899e-02 2.265891e+01
6.440265e-01 6.440402e-01 1.524024e+00 2.086730e-02 2.265891e+01
6.471681e-01 6.471810e-01 1.508748e+00 1.626661e-02 2.265891e+01
6.503097e-01 6.503144e-01 1.499557e+00 1.161891e-02 2.265891e+01
6.534513e-01 6.534578e-01 1.473766e+00 1.110376e-02 2.265891e+01
6.565929e-01 6.566076e-01 1.470357e+00 1.949472e-02 2.265891e+01
6.597345e-01 6.597535e-01 1.431255e+00 1.042048e-02 2.265891e+01
6.628761e-01 6.628926e-01 1.433524e+00 1.431918e-02 2.265891e+01
6.660176e-01 6.660291e-01 1.419664e+00 1.564648e-02 2.265891e+01
6.691592e-01 6.691707e-01 1.414787e+00 1.273823e-02 2.265891e+01
6.723008e-01 6.723174e-01 1.401744e+00 2.415155e-02 2.265891e+01
6.754424e-01 6.754542e-01 1.376041e+00 1.739633e-02 2.265891e+01
6.785840e-01 6.785882e-01 1.377037e+00 1.441384e-02 2.265891e+01
6.817256e-01 6.817340e-01 1.344574e+00 1.409166e-02 2.265891e+01
6.848672e-01 6.848783e-01 1.353371e+00 1.492944e-02 2.265891e+01
6.880088e-01 6.880165e-01 1.333026e+00 1.729909e-02 2.265891e+01
6.911504e-01 6.911574e-01 1.317847e+00 1.301830e-02 2.265891e+01
6.942920e-01 6.943055e-01 1.294348e+00 1.335718e-02 2.265891e+01
6.974336e-01 6.974482e-01 1.319693e+00 1.492387e-02 2.265891e+01
7.005752e-01 7.005836e-01 1.309450e+00 1.700664e-02 2.265891e+01
7.037168e-01 7.037177e-01 1.285831e+00 7.385767e-03 2.265891e+01
7.068583e-01 7.068619e-01 1.258965e+00 1.081947e-02 2.265891e+01
7.099999e-01 7.100142e-01 1.249300e+00 7.734242e-03 2.265891e+01
7.131415e-01 7.131540e-01 1.246323e+00 1.170757e-02 2.265891e+01
7.162831e-01 7.162927e-01 1.251050e+00 7.411065e-03 2.265891e+01
7.194247e-01 7.194390e-01 1.226736e+00 1.338838e-02 2.265891e+01
7.225663e-01 7.225843e-01 1.197134e+00 7.176996e-03 2.265891e+01
7.257079e-01 7.257178e-01 1.201988e+00 1.488639e-02 2.265891e+01
7.288495e-01 7.288576e-01 1.183535e+00 1.455200e-02 2.265891e+01
7.319911e-01 7.320073e-01 1.202781e+00 1.162848e-02 2.265891e+01
7.351327e-01 7.351562e-01 1.179777e+00 1.043674e-02 2.265891e+01
7.382743e-01 7.382931e-01 1.195263e+00 1.773636e-02 2.265891e+01
7.414159e-01 7.414243e-01 1.173668e+00 1.509806e-02 2.265891e+01
7.445575e-01 7.445676e-01 1.159328e+00 9.692552e-03 2.265891e+01
7.476991e-01 7.477055e-01 1.138120e+00 1.174229e-02 2.265891e+01
7.508406e-01 7.508449e-01 1.141335e+00 1.970299e-02 2.265891e+01
7.539822e-01 7.539871e-01 1.135459e+00 1.492901e-02 2.265891e+01
7.571238e-01 7.571283e-01 1.106619e+00 1.373936e-02 2.265891e+01
7.602654e-01 7.602748e-01 1.088061e+00 1.569743e-02 2.265891e+01
7.634070e-01 7.634149e-01 1.090733e+00 2.023113e-02 2.265891e+01
7.665486e-01 7.665577e-01 1.080215e+00 1.138406e-02 2.265891e+01
7.696902e-01 7.697059e-01 1.051703e+00 1.455735e-02 2.265891e+01
7.728318e-01 7.728479e-01 1.072155e+00 1.336519e-02 2.265891e+01
7.759734e-01 7.759855e-01 1.075869e+00 9.432639e-03 2.265891e+01
7.791150e-01 7.791234e-01 1.025578e+00 1.111723e-02 2.265891e+01
7.822566e-01 7.822679e-01 1.031137e+00 1.617469e-02 2.265891e+01
7.853982e-01 7.854090e-01 1.029518e+00 1.201704e-02 2.265891e+01
7.885398e-01 7.885471e-01 9.886700e-01 8.353504e-03 2.265891e+01
7.916813e-01 7.916912e-01 1.004284e+00 1.546049e-02 2.265891e+01
7.948229e-01 7.948362e-01 9.819124e-01 9.742595e-03 2.265891e+01
7.979645e-01 7.979769e-01 1.007784e+00 1.889305e-02 2.265891e+01
8.011061e-01 8.011092e-01 9.701100e-01 1.207216e-02 2.265891e+01
8.042477e-01 8.042493e-01 9.837420e-01 1.388133e-02 2.265891e+01
